 # i j u v p
     1     1       0.000000       0.000000       0.000000
     2     1       0.000000       0.000000  -18357.759766
     3     1       0.000000       0.000000  -18357.757812
     4     1       0.000000       0.000000  -18357.759766
     5     1       0.000000       0.000000  -18357.757812
     6     1       0.000000       0.000000  -18357.750000
     7     1       0.000000       0.000000  -18357.744141
     8     1       0.000000       0.000000  -18357.738281
     9     1       0.000000       0.000000  -18357.738281
    10     1       0.000000       0.000000  -18357.742188
    11     1       0.000000       0.000000  -18357.740234
    12     1       0.000000       0.000000  -18357.734375
    13     1       0.000000       0.000000  -18357.730469
    14     1       0.000000       0.000000  -18357.726562
    15     1       0.000000       0.000000  -18357.724609
    16     1       0.000000       0.000000  -18357.722656
    17     1       0.000000       0.000000  -18357.724609
    18     1       0.000000       0.000000  -18357.726562
    19     1       0.000000       0.000000  -18357.722656
    20     1       0.000000       0.000000  -18357.720703
    21     1       0.000000       0.000000  -18357.716797
    22     1       0.000000       0.000000  -18357.710938
    23     1       0.000000       0.000000  -18357.710938
    24     1       0.000000       0.000000  -18357.703125
    25     1       0.000000       0.000000  -18357.695312
    26     1       0.000000       0.000000  -18357.695312
    27     1       0.000000       0.000000  -18357.699219
    28     1       0.000000       0.000000  -18357.699219
    29     1       0.000000       0.000000  -18357.693359
    30     1       0.000000       0.000000  -18357.689453
    31     1       0.000000       0.000000  -18357.689453
    32     1       0.000000       0.000000  -18357.689453
     1     2       0.000000       0.000000  -18357.759766
     2     2       0.000479       0.000460  -18357.759766
     3     2       0.000283       0.000935  -18357.757812
     4     2      -0.000622       0.001123  -18357.759766
     5     2      -0.001933       0.001474  -18357.757812
     6     2      -0.003444       0.001622  -18357.750000
     7     2      -0.004992       0.001804  -18357.744141
     8     2      -0.007001       0.001669  -18357.738281
     9     2      -0.009048       0.001811  -18357.738281
    10     2      -0.010945       0.001691  -18357.742188
    11     2      -0.012684       0.001734  -18357.740234
    12     2      -0.014431       0.001409  -18357.734375
    13     2      -0.016009       0.001448  -18357.730469
    14     2      -0.017166       0.001266  -18357.726562
    15     2      -0.018011       0.001009  -18357.724609
    16     2      -0.018621       0.000709  -18357.722656
    17     2      -0.018717       0.000612  -18357.724609
    18     2      -0.018484       0.000236  -18357.726562
    19     2      -0.017927       0.000003  -18357.722656
    20     2      -0.016679      -0.000242  -18357.720703
    21     2      -0.015189      -0.000581  -18357.716797
    22     2      -0.013368      -0.000725  -18357.710938
    23     2      -0.011306      -0.000851  -18357.710938
    24     2      -0.009178      -0.000820  -18357.703125
    25     2      -0.006933      -0.000748  -18357.695312
    26     2      -0.004727      -0.000624  -18357.695312
    27     2      -0.002939      -0.000437  -18357.699219
    28     2      -0.001598      -0.000151  -18357.699219
    29     2      -0.000719       0.000197  -18357.693359
    30     2      -0.000155       0.000452  -18357.689453
    31     2       0.000075       0.000556  -18357.689453
    32     2       0.000000       0.000000  -18357.689453
     1     3       0.000000       0.000000  -18357.759766
     2     3       0.000394       0.000812  -18357.759766
     3     3      -0.000464       0.001886  -18357.757812
     4     3      -0.002217       0.002782  -18357.753906
     5     3      -0.004495       0.003588  -18357.757812
     6     3      -0.007349       0.004059  -18357.750000
     7     3      -0.010498       0.004397  -18357.746094
     8     3      -0.014002       0.004476  -18357.744141
     9     3      -0.017532       0.004640  -18357.744141
    10     3      -0.020996       0.004457  -18357.742188
    11     3      -0.024331       0.004170  -18357.738281
    12     3      -0.027337       0.003827  -18357.734375
    13     3      -0.029871       0.003420  -18357.730469
    14     3      -0.032198       0.002879  -18357.728516
    15     3      -0.033777       0.002211  -18357.726562
    16     3      -0.034603       0.001483  -18357.720703
    17     3      -0.034833       0.000607  -18357.722656
    18     3      -0.034459      -0.000300  -18357.722656
    19     3      -0.033231      -0.001082  -18357.722656
    20     3      -0.031242      -0.001968  -18357.716797
    21     3      -0.028557      -0.002740  -18357.714844
    22     3      -0.025261      -0.003312  -18357.712891
    23     3      -0.021577      -0.003686  -18357.707031
    24     3      -0.017701      -0.003799  -18357.707031
    25     3      -0.013851      -0.003602  -18357.699219
    26     3      -0.010059      -0.003158  -18357.699219
    27     3      -0.006754      -0.002515  -18357.701172
    28     3      -0.004038      -0.001734  -18357.703125
    29     3      -0.002121      -0.000836  -18357.695312
    30     3      -0.000800       0.000009  -18357.691406
    31     3      -0.000094       0.000406  -18357.691406
    32     3       0.000000       0.000000  -18357.691406
     1     4       0.000000       0.000000  -18357.755859
     2     4       0.000051       0.001420  -18357.755859
     3     4      -0.001264       0.003408  -18357.757812
     4     4      -0.003914       0.005250  -18357.755859
     5     4      -0.007431       0.006683  -18357.757812
     6     4      -0.011556       0.007821  -18357.751953
     7     4      -0.015888       0.008463  -18357.744141
     8     4      -0.020661       0.008849  -18357.746094
     9     4      -0.025629       0.008808  -18357.746094
    10     4      -0.030597       0.008700  -18357.744141
    11     4      -0.034973       0.008172  -18357.734375
    12     4      -0.039072       0.007554  -18357.732422
    13     4      -0.042769       0.006310  -18357.734375
    14     4      -0.045717       0.005125  -18357.730469
    15     4      -0.047826       0.003700  -18357.726562
    16     4      -0.049243       0.002052  -18357.724609
    17     4      -0.049589       0.000347  -18357.722656
    18     4      -0.048791      -0.001468  -18357.722656
    19     4      -0.047242      -0.003046  -18357.720703
    20     4      -0.044523      -0.004813  -18357.716797
    21     4      -0.040841      -0.006238  -18357.714844
    22     4      -0.036413      -0.007492  -18357.707031
    23     4      -0.031408      -0.008276  -18357.703125
    24     4      -0.026058      -0.008555  -18357.695312
    25     4      -0.020577      -0.008332  -18357.695312
    26     4      -0.015293      -0.007534  -18357.695312
    27     4      -0.010682      -0.006364  -18357.699219
    28     4      -0.006786      -0.004671  -18357.699219
    29     4      -0.003724      -0.002985  -18357.695312
    30     4      -0.001618      -0.001254  -18357.691406
    31     4      -0.000459      -0.000082  -18357.691406
    32     4       0.000000       0.000000  -18357.691406
     1     5       0.000000       0.000000  -18357.748047
     2     5      -0.000275       0.002695  -18357.748047
     3     5      -0.002286       0.005899  -18357.750000
     4     5      -0.005918       0.008530  -18357.748047
     5     5      -0.010317       0.010924  -18357.751953
     6     5      -0.015561       0.012812  -18357.748047
     7     5      -0.021236       0.013901  -18357.742188
     8     5      -0.027331       0.014352  -18357.742188
     9     5      -0.033323       0.014351  -18357.742188
    10     5      -0.039215       0.013896  -18357.742188
    11     5      -0.044884       0.013112  -18357.738281
    12     5      -0.050233       0.011763  -18357.736328
    13     5      -0.054706       0.010109  -18357.734375
    14     5      -0.058280       0.008045  -18357.732422
    15     5      -0.061045       0.005685  -18357.726562
    16     5      -0.062514       0.002987  -18357.722656
    17     5      -0.062907       0.000227  -18357.722656
    18     5      -0.062040      -0.002697  -18357.718750
    19     5      -0.060071      -0.005590  -18357.718750
    20     5      -0.056942      -0.008099  -18357.718750
    21     5      -0.052505      -0.010639  -18357.710938
    22     5      -0.047124      -0.012578  -18357.701172
    23     5      -0.040857      -0.013933  -18357.699219
    24     5      -0.034244      -0.014378  -18357.693359
    25     5      -0.027501      -0.014212  -18357.689453
    26     5      -0.020890      -0.013077  -18357.695312
    27     5      -0.014773      -0.011348  -18357.697266
    28     5      -0.009563      -0.008774  -18357.699219
    29     5      -0.005508      -0.005927  -18357.695312
    30     5      -0.002373      -0.003143  -18357.691406
    31     5      -0.000658      -0.000807  -18357.689453
    32     5       0.000000       0.000000  -18357.689453
     1     6       0.000000       0.000000  -18357.744141
     2     6      -0.000643       0.004467  -18357.744141
     3     6      -0.003385       0.009238  -18357.746094
     4     6      -0.007815       0.013116  -18357.742188
     5     6      -0.013015       0.016496  -18357.750000
     6     6      -0.019478       0.018836  -18357.748047
     7     6      -0.026412       0.020355  -18357.744141
     8     6      -0.033553       0.021095  -18357.738281
     9     6      -0.040765       0.021080  -18357.738281
    10     6      -0.047842       0.020324  -18357.730469
    11     6      -0.054359       0.018900  -18357.734375
    12     6      -0.060432       0.016962  -18357.734375
    13     6      -0.065756       0.014605  -18357.732422
    14     6      -0.070100       0.011536  -18357.726562
    15     6      -0.073294       0.008104  -18357.726562
    16     6      -0.075323       0.004305  -18357.722656
    17     6      -0.075880       0.000116  -18357.714844
    18     6      -0.074994      -0.004185  -18357.714844
    19     6      -0.072636      -0.008414  -18357.710938
    20     6      -0.069031      -0.012308  -18357.712891
    21     6      -0.064133      -0.015947  -18357.707031
    22     6      -0.057780      -0.018787  -18357.697266
    23     6      -0.050452      -0.020681  -18357.695312
    24     6      -0.042661      -0.021867  -18357.695312
    25     6      -0.034566      -0.021576  -18357.693359
    26     6      -0.026537      -0.020258  -18357.699219
    27     6      -0.019107      -0.017608  -18357.691406
    28     6      -0.012456      -0.014166  -18357.695312
    29     6      -0.007200      -0.009939  -18357.695312
    30     6      -0.003171      -0.005919  -18357.693359
    31     6      -0.000910      -0.002127  -18357.693359
    32     6       0.000000       0.000000  -18357.693359
     1     7       0.000000       0.000000  -18357.736328
     2     7      -0.000866       0.006753  -18357.736328
     3     7      -0.004248       0.013143  -18357.742188
     4     7      -0.009653       0.018664  -18357.740234
     5     7      -0.015914       0.023038  -18357.748047
     6     7      -0.023422       0.026092  -18357.740234
     7     7      -0.031232       0.028042  -18357.740234
     8     7      -0.039517       0.028952  -18357.736328
     9     7      -0.047745       0.028690  -18357.732422
    10     7      -0.055808       0.027803  -18357.726562
    11     7      -0.063383       0.025871  -18357.732422
    12     7      -0.070304       0.023100  -18357.732422
    13     7      -0.076424       0.019891  -18357.732422
    14     7      -0.081455       0.015813  -18357.730469
    15     7      -0.085192       0.011062  -18357.724609
    16     7      -0.087542       0.005653  -18357.714844
    17     7      -0.088461       0.000304  -18357.712891
    18     7      -0.087589      -0.005550  -18357.710938
    19     7      -0.085136      -0.011372  -18357.710938
    20     7      -0.081332      -0.016877  -18357.710938
    21     7      -0.075767      -0.021646  -18357.703125
    22     7      -0.068575      -0.025735  -18357.697266
    23     7      -0.060567      -0.028546  -18357.699219
    24     7      -0.051620      -0.030141  -18357.695312
    25     7      -0.042097      -0.030093  -18357.691406
    26     7      -0.032626      -0.028569  -18357.691406
    27     7      -0.023566      -0.025164  -18357.691406
    28     7      -0.015541      -0.020576  -18357.699219
    29     7      -0.009133      -0.015003  -18357.697266
    30     7      -0.004031      -0.009275  -18357.691406
    31     7      -0.001044      -0.003953  -18357.691406
    32     7       0.000000       0.000000  -18357.691406
     1     8       0.000000       0.000000  -18357.738281
     2     8      -0.001347       0.009442  -18357.738281
     3     8      -0.005165       0.017784  -18357.734375
     4     8      -0.011183       0.024937  -18357.734375
     5     8      -0.018410       0.030306  -18357.738281
     6     8      -0.026980       0.034240  -18357.736328
     7     8      -0.035917       0.036727  -18357.738281
     8     8      -0.045296       0.037752  -18357.734375
     9     8      -0.054454       0.037429  -18357.730469
    10     8      -0.063421       0.036057  -18357.724609
    11     8      -0.072057       0.033612  -18357.724609
    12     8      -0.079618       0.030211  -18357.722656
    13     8      -0.086417       0.025748  -18357.728516
    14     8      -0.092418       0.020514  -18357.730469
    15     8      -0.097019       0.014476  -18357.718750
    16     8      -0.099715       0.007703  -18357.710938
    17     8      -0.100810       0.000496  -18357.710938
    18     8      -0.100548      -0.006974  -18357.712891
    19     8      -0.098086      -0.014550  -18357.710938
    20     8      -0.093792      -0.021736  -18357.708984
    21     8      -0.087972      -0.028216  -18357.705078
    22     8      -0.080264      -0.033801  -18357.699219
    23     8      -0.071108      -0.037888  -18357.699219
    24     8      -0.061101      -0.039955  -18357.697266
    25     8      -0.050397      -0.040197  -18357.697266
    26     8      -0.039255      -0.038230  -18357.691406
    27     8      -0.028578      -0.034284  -18357.693359
    28     8      -0.019006      -0.028517  -18357.699219
    29     8      -0.011145      -0.021400  -18357.695312
    30     8      -0.005086      -0.013451  -18357.693359
    31     8      -0.001528      -0.006121  -18357.689453
    32     8       0.000000       0.000000  -18357.689453
     1     9       0.000000       0.000000  -18357.730469
     2     9      -0.001643       0.012456  -18357.730469
     3     9      -0.005977       0.023383  -18357.730469
     4     9      -0.012900       0.032134  -18357.732422
     5     9      -0.021027       0.038778  -18357.726562
     6     9      -0.030286       0.043455  -18357.724609
     7     9      -0.040130       0.046276  -18357.728516
     8     9      -0.050588       0.047467  -18357.728516
     9     9      -0.060766       0.047114  -18357.722656
    10     9      -0.070632       0.045413  -18357.718750
    11     9      -0.079998       0.042295  -18357.724609
    12     9      -0.088738       0.038095  -18357.720703
    13     9      -0.096522       0.032391  -18357.714844
    14     9      -0.102995       0.025976  -18357.718750
    15     9      -0.108199       0.018304  -18357.710938
    16     9      -0.111744       0.010168  -18357.707031
    17     9      -0.113526       0.001092  -18357.708984
    18     9      -0.113369      -0.008281  -18357.707031
    19     9      -0.111196      -0.017478  -18357.703125
    20     9      -0.107105      -0.026868  -18357.699219
    21     9      -0.101005      -0.035285  -18357.697266
    22     9      -0.092715      -0.042297  -18357.695312
    23     9      -0.082640      -0.047894  -18357.695312
    24     9      -0.071352      -0.051150  -18357.695312
    25     9      -0.059187      -0.051760  -18357.697266
    26     9      -0.046628      -0.049741  -18357.697266
    27     9      -0.034354      -0.044988  -18357.697266
    28     9      -0.023028      -0.037876  -18357.695312
    29     9      -0.013409      -0.028813  -18357.695312
    30     9      -0.006051      -0.018801  -18357.695312
    31     9      -0.001882      -0.008521  -18357.691406
    32     9       0.000000       0.000000  -18357.691406
     1    10       0.000000       0.000000  -18357.726562
     2    10      -0.001856       0.015883  -18357.726562
     3    10      -0.006697       0.029454  -18357.724609
     4    10      -0.014310       0.040016  -18357.722656
     5    10      -0.023198       0.048164  -18357.720703
     6    10      -0.033542       0.053846  -18357.720703
     7    10      -0.044295       0.057036  -18357.718750
     8    10      -0.055509       0.058337  -18357.718750
     9    10      -0.066492       0.057792  -18357.716797
    10    10      -0.077358       0.055572  -18357.714844
    11    10      -0.087769       0.051898  -18357.718750
    12    10      -0.097305       0.046632  -18357.710938
    13    10      -0.105809       0.040023  -18357.712891
    14    10      -0.113385       0.032290  -18357.712891
    15    10      -0.119466       0.023143  -18357.707031
    16    10      -0.123530       0.013226  -18357.707031
    17    10      -0.126083       0.002315  -18357.707031
    18    10      -0.126456      -0.008911  -18357.705078
    19    10      -0.124868      -0.020546  -18357.707031
    20    10      -0.121035      -0.031905  -18357.699219
    21    10      -0.114481      -0.042518  -18357.691406
    22    10      -0.105966      -0.051600  -18357.691406
    23    10      -0.095362      -0.058805  -18357.693359
    24    10      -0.082836      -0.063492  -18357.691406
    25    10      -0.069279      -0.065108  -18357.697266
    26    10      -0.054908      -0.063148  -18357.699219
    27    10      -0.040688      -0.057767  -18357.697266
    28    10      -0.027493      -0.049152  -18357.695312
    29    10      -0.016301      -0.037880  -18357.699219
    30    10      -0.007334      -0.025159  -18357.695312
    31    10      -0.002109      -0.011797  -18357.699219
    32    10       0.000000       0.000000  -18357.699219
     1    11       0.000000       0.000000  -18357.720703
     2    11      -0.002061       0.019542  -18357.720703
     3    11      -0.007433       0.035931  -18357.718750
     4    11      -0.015694       0.048678  -18357.718750
     5    11      -0.025093       0.058150  -18357.716797
     6    11      -0.036249       0.064631  -18357.720703
     7    11      -0.047937       0.068496  -18357.718750
     8    11      -0.060046       0.069840  -18357.714844
     9    11      -0.072025       0.069285  -18357.714844
    10    11      -0.083573       0.066585  -18357.714844
    11    11      -0.094754       0.062349  -18357.712891
    12    11      -0.105371       0.056223  -18357.710938
    13    11      -0.114733       0.048650  -18357.712891
    14    11      -0.123054       0.039242  -18357.712891
    15    11      -0.129989       0.028892  -18357.708984
    16    11      -0.135150       0.017056  -18357.707031
    17    11      -0.138455       0.004268  -18357.705078
    18    11      -0.139653      -0.009145  -18357.707031
    19    11      -0.138719      -0.023187  -18357.705078
    20    11      -0.135242      -0.036827  -18357.695312
    21    11      -0.129072      -0.049813  -18357.683594
    22    11      -0.120139      -0.061388  -18357.687500
    23    11      -0.108914      -0.070682  -18357.691406
    24    11      -0.095603      -0.077098  -18357.691406
    25    11      -0.080440      -0.079832  -18357.699219
    26    11      -0.064297      -0.078396  -18357.699219
    27    11      -0.048157      -0.072516  -18357.695312
    28    11      -0.032718      -0.062482  -18357.697266
    29    11      -0.019403      -0.048738  -18357.697266
    30    11      -0.008788      -0.032670  -18357.699219
    31    11      -0.002639      -0.015739  -18357.697266
    32    11       0.000000       0.000000  -18357.697266
     1    12       0.000000       0.000000  -18357.716797
     2    12      -0.002220       0.023668  -18357.716797
     3    12      -0.007893       0.043121  -18357.718750
     4    12      -0.016787       0.058210  -18357.714844
     5    12      -0.027014       0.069041  -18357.710938
     6    12      -0.038796       0.076340  -18357.710938
     7    12      -0.051213       0.080731  -18357.710938
     8    12      -0.063964       0.082336  -18357.707031
     9    12      -0.076576       0.081601  -18357.708984
    10    12      -0.089056       0.078678  -18357.708984
    11    12      -0.101106       0.073596  -18357.708984
    12    12      -0.112422       0.066681  -18357.710938
    13    12      -0.122883       0.058216  -18357.712891
    14    12      -0.132171       0.047572  -18357.710938
    15    12      -0.139932       0.035563  -18357.707031
    16    12      -0.146085       0.021910  -18357.708984
    17    12      -0.150335       0.007159  -18357.707031
    18    12      -0.152623      -0.008753  -18357.707031
    19    12      -0.152529      -0.024999  -18357.703125
    20    12      -0.149608      -0.041418  -18357.691406
    21    12      -0.143734      -0.056946  -18357.691406
    22    12      -0.135058      -0.071250  -18357.691406
    23    12      -0.123550      -0.083223  -18357.691406
    24    12      -0.109292      -0.091919  -18357.691406
    25    12      -0.092991      -0.096083  -18357.699219
    26    12      -0.075005      -0.095577  -18357.695312
    27    12      -0.056578      -0.089316  -18357.695312
    28    12      -0.038767      -0.077860  -18357.691406
    29    12      -0.023134      -0.061369  -18357.695312
    30    12      -0.010606      -0.041992  -18357.699219
    31    12      -0.003215      -0.020375  -18357.701172
    32    12       0.000000       0.000000  -18357.701172
     1    13       0.000000       0.000000  -18357.714844
     2    13      -0.002342       0.028050  -18357.714844
     3    13      -0.008308       0.050761  -18357.714844
     4    13      -0.017848       0.068103  -18357.714844
     5    13      -0.028676       0.080577  -18357.707031
     6    13      -0.040908       0.089022  -18357.705078
     7    13      -0.053817       0.093717  -18357.707031
     8    13      -0.067310       0.095627  -18357.705078
     9    13      -0.080648       0.094641  -18357.703125
    10    13      -0.093805       0.091279  -18357.703125
    11    13      -0.106571       0.085738  -18357.703125
    12    13      -0.118446       0.078036  -18357.708984
    13    13      -0.129689       0.068423  -18357.712891
    14    13      -0.140015       0.056793  -18357.718750
    15    13      -0.148806       0.043267  -18357.714844
    16    13      -0.156028       0.027949  -18357.708984
    17    13      -0.161488       0.010882  -18357.708984
    18    13      -0.164740      -0.007137  -18357.705078
    19    13      -0.165622      -0.026029  -18357.703125
    20    13      -0.163622      -0.045144  -18357.695312
    21    13      -0.158547      -0.063918  -18357.699219
    22    13      -0.150347      -0.081302  -18357.695312
    23    13      -0.138847      -0.096227  -18357.691406
    24    13      -0.123963      -0.107717  -18357.687500
    25    13      -0.106428      -0.114134  -18357.693359
    26    13      -0.086822      -0.114662  -18357.691406
    27    13      -0.066177      -0.108530  -18357.691406
    28    13      -0.045729      -0.095701  -18357.693359
    29    13      -0.027738      -0.076491  -18357.699219
    30    13      -0.012809      -0.052857  -18357.695312
    31    13      -0.003710      -0.026073  -18357.703125
    32    13       0.000000       0.000000  -18357.703125
     1    14       0.000000       0.000000  -18357.708984
     2    14      -0.002436       0.032721  -18357.708984
     3    14      -0.008645       0.058747  -18357.714844
     4    14      -0.018591       0.078405  -18357.714844
     5    14      -0.029814       0.092636  -18357.708984
     6    14      -0.042731       0.102049  -18357.708984
     7    14      -0.056141       0.107275  -18357.699219
     8    14      -0.069917       0.109160  -18357.697266
     9    14      -0.083824       0.108368  -18357.697266
    10    14      -0.097381       0.104613  -18357.701172
    11    14      -0.110675       0.098665  -18357.703125
    12    14      -0.123276       0.090247  -18357.707031
    13    14      -0.135184       0.079622  -18357.710938
    14    14      -0.146247       0.066813  -18357.714844
    15    14      -0.155986       0.051878  -18357.716797
    16    14      -0.164507       0.034853  -18357.714844
    17    14      -0.170958       0.015956  -18357.707031
    18    14      -0.175362      -0.004472  -18357.707031
    19    14      -0.177549      -0.026048  -18357.703125
    20    14      -0.176781      -0.048125  -18357.695312
    21    14      -0.172737      -0.070219  -18357.697266
    22    14      -0.165189      -0.090975  -18357.695312
    23    14      -0.154214      -0.109390  -18357.693359
    24    14      -0.139231      -0.124040  -18357.687500
    25    14      -0.120790      -0.133286  -18357.691406
    26    14      -0.099594      -0.135669  -18357.691406
    27    14      -0.076857      -0.130179  -18357.691406
    28    14      -0.053794      -0.116259  -18357.693359
    29    14      -0.032904      -0.094183  -18357.695312
    30    14      -0.015354      -0.065661  -18357.695312
    31    14      -0.004615      -0.032996  -18357.703125
    32    14       0.000000       0.000000  -18357.703125
     1    15       0.000000       0.000000  -18357.708984
     2    15      -0.002570       0.037496  -18357.708984
     3    15      -0.009059       0.066981  -18357.708984
     4    15      -0.019261       0.089190  -18357.714844
     5    15      -0.030802       0.104974  -18357.708984
     6    15      -0.044048       0.115411  -18357.707031
     7    15      -0.057809       0.121319  -18357.697266
     8    15      -0.071693       0.123489  -18357.695312
     9    15      -0.085823       0.122484  -18357.699219
    10    15      -0.099855       0.118503  -18357.703125
    11    15      -0.113414       0.111864  -18357.707031
    12    15      -0.126420       0.103060  -18357.710938
    13    15      -0.138818       0.091396  -18357.710938
    14    15      -0.150568       0.077706  -18357.714844
    15    15      -0.161136       0.061458  -18357.716797
    16    15      -0.170462       0.043000  -18357.714844
    17    15      -0.178214       0.022497  -18357.710938
    18    15      -0.183957      -0.000380  -18357.710938
    19    15      -0.187340      -0.024512  -18357.703125
    20    15      -0.188000      -0.049702  -18357.699219
    21    15      -0.185329      -0.075122  -18357.695312
    22    15      -0.178989      -0.099864  -18357.695312
    23    15      -0.168866      -0.122251  -18357.695312
    24    15      -0.154215      -0.140703  -18357.691406
    25    15      -0.135470      -0.153406  -18357.691406
    26    15      -0.113271      -0.158503  -18357.691406
    27    15      -0.088606      -0.154178  -18357.687500
    28    15      -0.062789      -0.139644  -18357.691406
    29    15      -0.038893      -0.114628  -18357.699219
    30    15      -0.018451      -0.081160  -18357.699219
    31    15      -0.005670      -0.041193  -18357.703125
    32    15       0.000000       0.000000  -18357.703125
     1    16       0.000000       0.000000  -18357.707031
     2    16      -0.002682       0.042341  -18357.707031
     3    16      -0.009234       0.075573  -18357.710938
     4    16      -0.019703       0.100282  -18357.714844
     5    16      -0.031458       0.117695  -18357.707031
     6    16      -0.044844       0.129028  -18357.699219
     7    16      -0.058654       0.135510  -18357.695312
     8    16      -0.072688       0.137818  -18357.693359
     9    16      -0.086975       0.136528  -18357.701172
    10    16      -0.101015       0.132448  -18357.703125
    11    16      -0.114406       0.125346  -18357.701172
    12    16      -0.127625       0.115968  -18357.710938
    13    16      -0.140302       0.103795  -18357.710938
    14    16      -0.152161       0.089155  -18357.714844
    15    16      -0.163314       0.071924  -18357.718750
    16    16      -0.173329       0.052108  -18357.718750
    17    16      -0.182235       0.029754  -18357.718750
    18    16      -0.189336       0.005036  -18357.714844
    19    16      -0.194103      -0.021601  -18357.708984
    20    16      -0.196373      -0.049821  -18357.707031
    21    16      -0.195521      -0.078792  -18357.705078
    22    16      -0.190825      -0.107323  -18357.697266
    23    16      -0.181958      -0.134064  -18357.695312
    24    16      -0.168299      -0.156891  -18357.689453
    25    16      -0.149955      -0.174071  -18357.691406
    26    16      -0.127091      -0.182624  -18357.689453
    27    16      -0.100927      -0.180467  -18357.691406
    28    16      -0.072717      -0.165910  -18357.691406
    29    16      -0.045805      -0.138227  -18357.695312
    30    16      -0.021965      -0.099244  -18357.691406
    31    16      -0.006733      -0.051128  -18357.701172
    32    16       0.000000       0.000000  -18357.701172
     1    17       0.000000       0.000000  -18357.707031
     2    17      -0.002627       0.047420  -18357.707031
     3    17      -0.009410       0.084131  -18357.718750
     4    17      -0.020146       0.111326  -18357.714844
     5    17      -0.032050       0.130584  -18357.710938
     6    17      -0.045343       0.142719  -18357.707031
     7    17      -0.059027       0.149626  -18357.703125
     8    17      -0.072951       0.151878  -18357.695312
     9    17      -0.086723       0.150508  -18357.699219
    10    17      -0.100484       0.146167  -18357.701172
    11    17      -0.113693       0.138837  -18357.703125
    12    17      -0.126413       0.128715  -18357.708984
    13    17      -0.138956       0.116269  -18357.714844
    14    17      -0.150928       0.100865  -18357.714844
    15    17      -0.162221       0.082882  -18357.720703
    16    17      -0.172787       0.062017  -18357.718750
    17    17      -0.182363       0.038167  -18357.718750
    18    17      -0.190416       0.011877  -18357.716797
    19    17      -0.196689      -0.017260  -18357.714844
    20    17      -0.200726      -0.048209  -18357.710938
    21    17      -0.201590      -0.080613  -18357.708984
    22    17      -0.198933      -0.113175  -18357.707031
    23    17      -0.192153      -0.144392  -18357.699219
    24    17      -0.180404      -0.172225  -18357.697266
    25    17      -0.163277      -0.194319  -18357.695312
    26    17      -0.140637      -0.207315  -18357.695312
    27    17      -0.113656      -0.208441  -18357.691406
    28    17      -0.083228      -0.194901  -18357.691406
    29    17      -0.053378      -0.165137  -18357.697266
    30    17      -0.026162      -0.120248  -18357.695312
    31    17      -0.008265      -0.062988  -18357.701172
    32    17       0.000000       0.000000  -18357.701172
     1    18       0.000000       0.000000  -18357.710938
     2    18      -0.002900       0.052377  -18357.710938
     3    18      -0.009764       0.092801  -18357.710938
     4    18      -0.020232       0.122523  -18357.710938
     5    18      -0.032205       0.143256  -18357.710938
     6    18      -0.045535       0.156194  -18357.703125
     7    18      -0.058846       0.163386  -18357.699219
     8    18      -0.072318       0.165640  -18357.695312
     9    18      -0.085439       0.164041  -18357.699219
    10    18      -0.098385       0.159281  -18357.705078
    11    18      -0.110927       0.151733  -18357.707031
    12    18      -0.122884       0.141371  -18357.707031
    13    18      -0.134638       0.128259  -18357.714844
    14    18      -0.146028       0.112677  -18357.714844
    15    18      -0.156937       0.093958  -18357.724609
    16    18      -0.167614       0.072337  -18357.726562
    17    18      -0.177507       0.047508  -18357.726562
    18    18      -0.186577       0.019661  -18357.726562
    19    18      -0.194173      -0.011277  -18357.718750
    20    18      -0.199678      -0.044641  -18357.718750
    21    18      -0.202844      -0.080104  -18357.710938
    22    18      -0.202478      -0.116610  -18357.707031
    23    18      -0.198166      -0.152657  -18357.705078
    24    18      -0.188978      -0.185938  -18357.701172
    25    18      -0.173981      -0.213586  -18357.697266
    26    18      -0.152723      -0.231937  -18357.695312
    27    18      -0.125992      -0.237523  -18357.691406
    28    18      -0.094283      -0.226115  -18357.687500
    29    18      -0.061630      -0.195188  -18357.691406
    30    18      -0.030766      -0.144573  -18357.693359
    31    18      -0.009972      -0.076792  -18357.701172
    32    18       0.000000       0.000000  -18357.701172
     1    19       0.000000       0.000000  -18357.710938
     2    19      -0.002907       0.057546  -18357.710938
     3    19      -0.009992       0.102000  -18357.710938
     4    19      -0.020714       0.134084  -18357.710938
     5    19      -0.032664       0.155844  -18357.710938
     6    19      -0.045526       0.169543  -18357.705078
     7    19      -0.058198       0.176602  -18357.707031
     8    19      -0.070937       0.178704  -18357.705078
     9    19      -0.082931       0.176852  -18357.705078
    10    19      -0.094595       0.171643  -18357.710938
    11    19      -0.105768       0.163647  -18357.710938
    12    19      -0.116617       0.153075  -18357.718750
    13    19      -0.127038       0.139733  -18357.718750
    14    19      -0.137366       0.123680  -18357.724609
    15    19      -0.147631       0.104656  -18357.730469
    16    19      -0.157622       0.082404  -18357.730469
    17    19      -0.167410       0.057047  -18357.730469
    18    19      -0.176636       0.028196  -18357.726562
    19    19      -0.185039      -0.004024  -18357.720703
    20    19      -0.192097      -0.039259  -18357.724609
    21    19      -0.197221      -0.077423  -18357.718750
    22    19      -0.199741      -0.117291  -18357.718750
    23    19      -0.198696      -0.157864  -18357.714844
    24    19      -0.192724      -0.196500  -18357.705078
    25    19      -0.180727      -0.230428  -18357.703125
    26    19      -0.162167      -0.255491  -18357.701172
    27    19      -0.136964      -0.266661  -18357.691406
    28    19      -0.104958      -0.258950  -18357.685547
    29    19      -0.070425      -0.228075  -18357.683594
    30    19      -0.035916      -0.172193  -18357.689453
    31    19      -0.011914      -0.093195  -18357.701172
    32    19       0.000000       0.000000  -18357.701172
     1    20       0.000000       0.000000  -18357.714844
     2    20      -0.003035       0.063029  -18357.714844
     3    20      -0.010378       0.111124  -18357.718750
     4    20      -0.021487       0.145425  -18357.718750
     5    20      -0.033135       0.168273  -18357.714844
     6    20      -0.045578       0.182207  -18357.710938
     7    20      -0.057449       0.188863  -18357.707031
     8    20      -0.068709       0.190573  -18357.710938
     9    20      -0.079311       0.188056  -18357.710938
    10    20      -0.089364       0.182324  -18357.714844
    11    20      -0.098634       0.173832  -18357.720703
    12    20      -0.107450       0.162830  -18357.724609
    13    20      -0.116206       0.149457  -18357.726562
    14    20      -0.124773       0.133154  -18357.730469
    15    20      -0.133420       0.114213  -18357.734375
    16    20      -0.142193       0.091987  -18357.730469
    17    20      -0.150960       0.066420  -18357.728516
    18    20      -0.160107       0.037174  -18357.726562
    19    20      -0.168801       0.004307  -18357.722656
    20    20      -0.176914      -0.032312  -18357.726562
    21    20      -0.184060      -0.072343  -18357.724609
    22    20      -0.189162      -0.115155  -18357.726562
    23    20      -0.191531      -0.159641  -18357.720703
    24    20      -0.189682      -0.203425  -18357.710938
    25    20      -0.182323      -0.243747  -18357.705078
    26    20      -0.167536      -0.276112  -18357.695312
    27    20      -0.145171      -0.294594  -18357.693359
    28    20      -0.114756      -0.292601  -18357.687500
    29    20      -0.079294      -0.263567  -18357.685547
    30    20      -0.041738      -0.203300  -18357.685547
    31    20      -0.014403      -0.112478  -18357.699219
    32    20       0.000000       0.000000  -18357.699219
     1    21       0.000000       0.000000  -18357.718750
     2    21      -0.003446       0.068678  -18357.718750
     3    21      -0.011316       0.120353  -18357.722656
     4    21      -0.022720       0.156690  -18357.716797
     5    21      -0.034242       0.180306  -18357.714844
     6    21      -0.046031       0.193966  -18357.714844
     7    21      -0.056527       0.200072  -18357.710938
     8    21      -0.066163       0.200884  -18357.714844
     9    21      -0.074747       0.197420  -18357.714844
    10    21      -0.082382       0.190962  -18357.710938
    11    21      -0.089232       0.181973  -18357.720703
    12    21      -0.095480       0.170673  -18357.724609
    13    21      -0.101648       0.157047  -18357.734375
    14    21      -0.107849       0.140991  -18357.736328
    15    21      -0.114234       0.122157  -18357.734375
    16    21      -0.121087       0.100394  -18357.730469
    17    21      -0.128438       0.075097  -18357.728516
    18    21      -0.136222       0.046113  -18357.732422
    19    21      -0.144563       0.013148  -18357.730469
    20    21      -0.153298      -0.024001  -18357.730469
    21    21      -0.161736      -0.065002  -18357.732422
    22    21      -0.169604      -0.109854  -18357.730469
    23    21      -0.175569      -0.157297  -18357.722656
    24    21      -0.178222      -0.205666  -18357.714844
    25    21      -0.176092      -0.252283  -18357.703125
    26    21      -0.167050      -0.292118  -18357.695312
    27    21      -0.149762      -0.319494  -18357.687500
    28    21      -0.122476      -0.325131  -18357.681641
    29    21      -0.087726      -0.300368  -18357.677734
    30    21      -0.047998      -0.237572  -18357.679688
    31    21      -0.017348      -0.134521  -18357.689453
    32    21       0.000000       0.000000  -18357.689453
     1    22       0.000000       0.000000  -18357.718750
     2    22      -0.004246       0.074838  -18357.718750
     3    22      -0.012818       0.130348  -18357.722656
     4    22      -0.024625       0.168233  -18357.716797
     5    22      -0.035896       0.191799  -18357.718750
     6    22      -0.046811       0.204671  -18357.714844
     7    22      -0.055732       0.209511  -18357.710938
     8    22      -0.063137       0.208975  -18357.718750
     9    22      -0.069160       0.204383  -18357.714844
    10    22      -0.073815       0.197000  -18357.714844
    11    22      -0.077445       0.187302  -18357.718750
    12    22      -0.080513       0.175539  -18357.726562
    13    22      -0.083515       0.161840  -18357.734375
    14    22      -0.086547       0.145790  -18357.736328
    15    22      -0.089914       0.127590  -18357.738281
    16    22      -0.094010       0.106399  -18357.738281
    17    22      -0.098933       0.081968  -18357.734375
    18    22      -0.105121       0.053935  -18357.738281
    19    22      -0.112356       0.021746  -18357.736328
    20    22      -0.120640      -0.014833  -18357.738281
    21    22      -0.130011      -0.055936  -18357.736328
    22    22      -0.139693      -0.101504  -18357.730469
    23    22      -0.148883      -0.150776  -18357.726562
    24    22      -0.156638      -0.202532  -18357.718750
    25    22      -0.160670      -0.254621  -18357.703125
    26    22      -0.158633      -0.302210  -18357.695312
    27    22      -0.148321      -0.339215  -18357.683594
    28    22      -0.126719      -0.354603  -18357.671875
    29    22      -0.095162      -0.337448  -18357.671875
    30    22      -0.054707      -0.274497  -18357.667969
    31    22      -0.020800      -0.159862  -18357.671875
    32    22       0.000000       0.000000  -18357.671875
     1    23       0.000000       0.000000  -18357.722656
     2    23      -0.005448       0.081936  -18357.722656
     3    23      -0.015305       0.141206  -18357.724609
     4    23      -0.027965       0.180036  -18357.720703
     5    23      -0.038881       0.202614  -18357.722656
     6    23      -0.048451       0.213853  -18357.720703
     7    23      -0.055107       0.216796  -18357.714844
     8    23      -0.059598       0.214369  -18357.716797
     9    23      -0.062210       0.208224  -18357.716797
    10    23      -0.063172       0.199671  -18357.720703
    11    23      -0.063121       0.189227  -18357.724609
    12    23      -0.062204       0.176946  -18357.728516
    13    23      -0.061359       0.163077  -18357.734375
    14    23      -0.060473       0.147476  -18357.734375
    15    23      -0.060069       0.129708  -18357.738281
    16    23      -0.060921       0.109476  -18357.736328
    17    23      -0.062731       0.086281  -18357.736328
    18    23      -0.066026       0.059610  -18357.740234
    19    23      -0.071290       0.029013  -18357.740234
    20    23      -0.078694      -0.006004  -18357.742188
    21    23      -0.087854      -0.045927  -18357.742188
    22    23      -0.098873      -0.090608  -18357.734375
    23    23      -0.110830      -0.140414  -18357.724609
    24    23      -0.123176      -0.193921  -18357.716797
    25    23      -0.133749      -0.250001  -18357.707031
    26    23      -0.140202      -0.304203  -18357.695312
    27    23      -0.138908      -0.351271  -18357.679688
    28    23      -0.125968      -0.378204  -18357.666016
    29    23      -0.100407      -0.372350  -18357.654297
    30    23      -0.061293      -0.312684  -18357.648438
    31    23      -0.025042      -0.188332  -18357.660156
    32    23       0.000000       0.000000  -18357.660156
     1    24       0.000000       0.000000  -18357.726562
     2    24      -0.007555       0.090924  -18357.726562
     3    24      -0.019087       0.153448  -18357.730469
     4    24      -0.032732       0.192266  -18357.726562
     5    24      -0.042946       0.212425  -18357.732422
     6    24      -0.050424       0.220921  -18357.730469
     7    24      -0.054222       0.221005  -18357.724609
     8    24      -0.054960       0.216064  -18357.718750
     9    24      -0.053339       0.207960  -18357.718750
    10    24      -0.049710       0.197848  -18357.722656
    11    24      -0.045086       0.186662  -18357.726562
    12    24      -0.039782       0.173948  -18357.730469
    13    24      -0.034207       0.160038  -18357.734375
    14    24      -0.028967       0.145030  -18357.734375
    15    24      -0.024417       0.127996  -18357.740234
    16    24      -0.020997       0.109023  -18357.738281
    17    24      -0.019095       0.087509  -18357.738281
    18    24      -0.019286       0.062889  -18357.742188
    19    24      -0.021687       0.034218  -18357.736328
    20    24      -0.026976       0.001810  -18357.742188
    21    24      -0.035143      -0.035735  -18357.736328
    22    24      -0.046455      -0.078197  -18357.738281
    23    24      -0.060297      -0.126247  -18357.724609
    24    24      -0.076631      -0.179616  -18357.716797
    25    24      -0.093402      -0.237639  -18357.703125
    26    24      -0.108997      -0.296767  -18357.689453
    27    24      -0.118546      -0.353220  -18357.666016
    28    24      -0.117593      -0.392917  -18357.648438
    29    24      -0.101832      -0.402020  -18357.632812
    30    24      -0.067419      -0.350495  -18357.619141
    31    24      -0.030151      -0.220643  -18357.632812
    32    24       0.000000       0.000000  -18357.632812
     1    25       0.000000       0.000000  -18357.738281
     2    25      -0.011133       0.101461  -18357.738281
     3    25      -0.025045       0.166562  -18357.742188
     4    25      -0.039594       0.204141  -18357.742188
     5    25      -0.048445       0.220371  -18357.736328
     6    25      -0.052557       0.225020  -18357.736328
     7    25      -0.052171       0.221217  -18357.726562
     8    25      -0.047855       0.213601  -18357.720703
     9    25      -0.040912       0.203162  -18357.714844
    10    25      -0.031614       0.191639  -18357.716797
    11    25      -0.021581       0.179124  -18357.720703
    12    25      -0.011123       0.166208  -18357.722656
    13    25      -0.000312       0.152420  -18357.734375
    14    25       0.009900       0.137804  -18357.734375
    15    25       0.019112       0.121877  -18357.738281
    16    25       0.026948       0.104380  -18357.738281
    17    25       0.033060       0.084730  -18357.738281
    18    25       0.036498       0.062482  -18357.742188
    19    25       0.037449       0.036904  -18357.740234
    20    25       0.034895       0.007518  -18357.746094
    21    25       0.028518      -0.026290  -18357.738281
    22    25       0.018079      -0.065154  -18357.734375
    23    25       0.003309      -0.109813  -18357.726562
    24    25      -0.016174      -0.160288  -18357.707031
    25    25      -0.038190      -0.217595  -18357.695312
    26    25      -0.063053      -0.278790  -18357.683594
    27    25      -0.084408      -0.342640  -18357.658203
    28    25      -0.098562      -0.394772  -18357.632812
    29    25      -0.096665      -0.422161  -18357.609375
    30    25      -0.072384      -0.384216  -18357.593750
    31    25      -0.036698      -0.255256  -18357.593750
    32    25       0.000000       0.000000  -18357.593750
     1    26       0.000000       0.000000  -18357.746094
     2    26      -0.016479       0.116886  -18357.746094
     3    26      -0.032688       0.182186  -18357.748047
     4    26      -0.046986       0.215616  -18357.750000
     5    26      -0.052960       0.225486  -18357.738281
     6    26      -0.051999       0.224501  -18357.734375
     7    26      -0.045664       0.215924  -18357.722656
     8    26      -0.034694       0.204943  -18357.720703
     9    26      -0.021283       0.192169  -18357.718750
    10    26      -0.005687       0.179207  -18357.718750
    11    26       0.010597       0.165638  -18357.724609
    12    26       0.027145       0.152702  -18357.730469
    13    26       0.043349       0.139192  -18357.730469
    14    26       0.058807       0.125473  -18357.734375
    15    26       0.073029       0.110842  -18357.734375
    16    26       0.085587       0.095090  -18357.732422
    17    26       0.095973       0.077819  -18357.738281
    18    26       0.103451       0.058316  -18357.742188
    19    26       0.107802       0.036305  -18357.742188
    20    26       0.108321       0.010674  -18357.742188
    21    26       0.104330      -0.018714  -18357.742188
    22    26       0.095011      -0.052575  -18357.734375
    23    26       0.080684      -0.092252  -18357.718750
    24    26       0.059486      -0.137523  -18357.703125
    25    26       0.033406      -0.190780  -18357.687500
    26    26       0.000466      -0.250383  -18357.667969
    27    26      -0.032430      -0.317912  -18357.642578
    28    26      -0.064209      -0.380160  -18357.617188
    29    26      -0.080367      -0.428339  -18357.578125
    30    26      -0.073226      -0.410489  -18357.554688
    31    26      -0.043456      -0.292805  -18357.548828
    32    26       0.000000       0.000000  -18357.548828
     1    27       0.000000       0.000000  -18357.771484
     2    27      -0.025087       0.134113  -18357.771484
     3    27      -0.043619       0.197191  -18357.761719
     4    27      -0.054224       0.224191  -18357.753906
     5    27      -0.054127       0.225452  -18357.742188
     6    27      -0.044658       0.217881  -18357.734375
     7    27      -0.029684       0.204361  -18357.724609
     8    27      -0.009798       0.189678  -18357.716797
     9    27       0.011778       0.174624  -18357.710938
    10    27       0.034824       0.160317  -18357.716797
    11    27       0.058104       0.146602  -18357.716797
    12    27       0.080992       0.133577  -18357.726562
    13    27       0.102951       0.120926  -18357.726562
    14    27       0.123781       0.108264  -18357.726562
    15    27       0.142705       0.095363  -18357.724609
    16    27       0.159791       0.081780  -18357.728516
    17    27       0.174310       0.067118  -18357.738281
    18    27       0.185490       0.050715  -18357.742188
    19    27       0.193138       0.032306  -18357.742188
    20    27       0.196382       0.011274  -18357.738281
    21    27       0.194981      -0.013012  -18357.736328
    22    27       0.187366      -0.041203  -18357.736328
    23    27       0.173580      -0.074109  -18357.718750
    24    27       0.151577      -0.112540  -18357.701172
    25    27       0.122710      -0.158794  -18357.679688
    26    27       0.083322      -0.212502  -18357.656250
    27    27       0.040902      -0.278175  -18357.617188
    28    27      -0.009685      -0.345846  -18357.589844
    29    27      -0.047077      -0.413254  -18357.535156
    30    27      -0.066415      -0.420200  -18357.503906
    31    27      -0.048807      -0.328016  -18357.468750
    32    27       0.000000       0.000000  -18357.468750
     1    28       0.000000       0.000000  -18357.785156
     2    28      -0.032670       0.162078  -18357.785156
     3    28      -0.049295       0.211989  -18357.771484
     4    28      -0.050725       0.227145  -18357.763672
     5    28      -0.040121       0.215437  -18357.746094
     6    28      -0.017829       0.200319  -18357.738281
     7    28       0.008225       0.181243  -18357.726562
     8    28       0.038528       0.163840  -18357.718750
     9    28       0.069338       0.147311  -18357.714844
    10    28       0.100592       0.132754  -18357.716797
    11    28       0.130782       0.119586  -18357.718750
    12    28       0.159788       0.107502  -18357.724609
    13    28       0.187003       0.096374  -18357.724609
    14    28       0.212385       0.085529  -18357.726562
    15    28       0.235626       0.074883  -18357.726562
    16    28       0.256331       0.063829  -18357.722656
    17    28       0.273933       0.052205  -18357.730469
    18    28       0.287935       0.039427  -18357.740234
    19    28       0.298260       0.025159  -18357.740234
    20    28       0.303971       0.009023  -18357.740234
    21    28       0.304213      -0.009484  -18357.738281
    22    28       0.298084      -0.031096  -18357.730469
    23    28       0.285487      -0.056310  -18357.718750
    24    28       0.263241      -0.086253  -18357.699219
    25    28       0.233334      -0.123077  -18357.669922
    26    28       0.189748      -0.167187  -18357.642578
    27    28       0.140107      -0.225556  -18357.595703
    28    28       0.073737      -0.291534  -18357.562500
    29    28       0.015893      -0.372914  -18357.492188
    30    28      -0.040372      -0.407764  -18357.458984
    31    28      -0.044359      -0.361072  -18357.384766
    32    28       0.000000       0.000000  -18357.384766
     1    29       0.000000       0.000000  -18357.847656
     2    29      -0.039551       0.182775  -18357.847656
     3    29      -0.046939       0.213925  -18357.792969
     4    29      -0.023905       0.215518  -18357.773438
     5    29       0.005803       0.192253  -18357.742188
     6    29       0.047345       0.170558  -18357.738281
     7    29       0.087895       0.148128  -18357.722656
     8    29       0.130411       0.129387  -18357.718750
     9    29       0.170447       0.113183  -18357.710938
    10    29       0.209062       0.099528  -18357.708984
    11    29       0.244916       0.087805  -18357.710938
    12    29       0.278329       0.077503  -18357.718750
    13    29       0.308977       0.068584  -18357.718750
    14    29       0.337035       0.060109  -18357.718750
    15    29       0.362094       0.052118  -18357.722656
    16    29       0.384405       0.044026  -18357.714844
    17    29       0.403452       0.035639  -18357.730469
    18    29       0.418489       0.026521  -18357.734375
    19    29       0.429696       0.016664  -18357.736328
    20    29       0.436228       0.005424  -18357.730469
    21    29       0.437506      -0.007422  -18357.730469
    22    29       0.432245      -0.021964  -18357.726562
    23    29       0.420222      -0.039373  -18357.710938
    24    29       0.398532      -0.059974  -18357.691406
    25    29       0.368975      -0.085890  -18357.660156
    26    29       0.323500      -0.118069  -18357.634766
    27    29       0.270627      -0.163408  -18357.574219
    28    29       0.192315      -0.218820  -18357.535156
    29    29       0.118368      -0.300453  -18357.427734
    30    29       0.018711      -0.356157  -18357.388672
    31    29      -0.015510      -0.368794  -18357.236328
    32    29       0.000000       0.000000  -18357.236328
     1    30       0.000000       0.000000  -18357.875000
     2    30       0.001773       0.216262  -18357.875000
     3    30       0.025034       0.194648  -18357.794922
     4    30       0.082914       0.176429  -18357.779297
     5    30       0.135476       0.142596  -18357.738281
     6    30       0.194818       0.117934  -18357.734375
     7    30       0.247193       0.096902  -18357.718750
     8    30       0.297562       0.080769  -18357.714844
     9    30       0.342447       0.068067  -18357.710938
    10    30       0.383409       0.058095  -18357.708984
    11    30       0.419961       0.049907  -18357.710938
    12    30       0.453180       0.043151  -18357.710938
    13    30       0.482697       0.037423  -18357.720703
    14    30       0.508905       0.032331  -18357.714844
    15    30       0.532229       0.027484  -18357.716797
    16    30       0.552339       0.022963  -18357.720703
    17    30       0.569036       0.018038  -18357.728516
    18    30       0.582284       0.013000  -18357.726562
    19    30       0.591989       0.007603  -18357.730469
    20    30       0.597302       0.001483  -18357.726562
    21    30       0.598056      -0.005539  -18357.720703
    22    30       0.592814      -0.013441  -18357.716797
    23    30       0.581709      -0.022780  -18357.699219
    24    30       0.561940      -0.033961  -18357.683594
    25    30       0.535247      -0.048442  -18357.652344
    26    30       0.493351      -0.067360  -18357.623047
    27    30       0.444751      -0.096264  -18357.550781
    28    30       0.365848      -0.135541  -18357.513672
    29    30       0.289099      -0.204817  -18357.378906
    30    30       0.156063      -0.268414  -18357.347656
    31    30       0.084633      -0.353818  -18357.113281
    32    30       0.000000       0.000000  -18357.113281
     1    31       0.000000       0.000000  -18358.066406
     2    31       0.164441       0.152641  -18358.066406
     3    31       0.237271       0.128986  -18357.800781
     4    31       0.347530       0.108083  -18357.777344
     5    31       0.419727       0.080638  -18357.714844
     6    31       0.486663       0.061245  -18357.708984
     7    31       0.537765       0.046434  -18357.689453
     8    31       0.581893       0.036014  -18357.689453
     9    31       0.618218       0.028443  -18357.685547
    10    31       0.649282       0.023067  -18357.689453
    11    31       0.675623       0.018972  -18357.695312
    12    31       0.698628       0.015954  -18357.701172
    13    31       0.718485       0.013345  -18357.707031
    14    31       0.735616       0.011387  -18357.707031
    15    31       0.750359       0.009457  -18357.707031
    16    31       0.762864       0.007670  -18357.714844
    17    31       0.773017       0.005826  -18357.720703
    18    31       0.780794       0.004071  -18357.724609
    19    31       0.786023       0.002144  -18357.726562
    20    31       0.788275      -0.000062  -18357.726562
    21    31       0.787577      -0.002611  -18357.714844
    22    31       0.782999      -0.005519  -18357.705078
    23    31       0.774484      -0.008809  -18357.695312
    24    31       0.760009      -0.013023  -18357.677734
    25    31       0.741303      -0.018487  -18357.648438
    26    31       0.710698      -0.026217  -18357.625000
    27    31       0.675707      -0.039016  -18357.552734
    28    31       0.610896      -0.058469  -18357.507812
    29    31       0.547044      -0.096342  -18357.332031
    30    31       0.391222      -0.138784  -18357.285156
    31    31       0.301108      -0.209943  -18356.767578
    32    31       0.000000       0.000000  -18356.767578
     1    32       1.000000       0.000000  -18358.066406
     2    32       1.000000       0.000000  -18358.066406
     3    32       1.000000       0.000000  -18357.800781
     4    32       1.000000       0.000000  -18357.777344
     5    32       1.000000       0.000000  -18357.714844
     6    32       1.000000       0.000000  -18357.708984
     7    32       1.000000       0.000000  -18357.689453
     8    32       1.000000       0.000000  -18357.689453
     9    32       1.000000       0.000000  -18357.685547
    10    32       1.000000       0.000000  -18357.689453
    11    32       1.000000       0.000000  -18357.695312
    12    32       1.000000       0.000000  -18357.701172
    13    32       1.000000       0.000000  -18357.707031
    14    32       1.000000       0.000000  -18357.707031
    15    32       1.000000       0.000000  -18357.707031
    16    32       1.000000       0.000000  -18357.714844
    17    32       1.000000       0.000000  -18357.720703
    18    32       1.000000       0.000000  -18357.724609
    19    32       1.000000       0.000000  -18357.726562
    20    32       1.000000       0.000000  -18357.726562
    21    32       1.000000       0.000000  -18357.714844
    22    32       1.000000       0.000000  -18357.705078
    23    32       1.000000       0.000000  -18357.695312
    24    32       1.000000       0.000000  -18357.677734
    25    32       1.000000       0.000000  -18357.648438
    26    32       1.000000       0.000000  -18357.625000
    27    32       1.000000       0.000000  -18357.552734
    28    32       1.000000       0.000000  -18357.507812
    29    32       1.000000       0.000000  -18357.332031
    30    32       1.000000       0.000000  -18357.285156
    31    32       1.000000       0.000000  -18356.767578
    32    32       1.000000       0.000000  -18356.767578
